4294967279,75
4294967279,74
4294967279,72
4294967294,50
4294967294,180
4294967294,175
4294967294,176
4294967294,398
4294967294,191
4294967294,384
4294967294,190
4294967294,120
4294967294,388
4294967294,394
4294967294,406
4294967294,401
4294967279,68
4294967279,67
4294967279,66
4294967279,62
4294967279,61
4294967279,60
4294967279,59
4294967279,54
4294967279,53
4294967279,49
4294967279,47
4294967279,46
4294967279,44
4294967279,42
4294967279,40
4294967279,39
4294967279,38
4294967279,37
4294967279,36
4294967279,35
4294967279,33
4294967279,30
4294967279,27
4294967279,26
4294967279,25
4294967279,24
4294967279,20
4294967279,19
4294967279,17
4294967279,16
4294967279,14
4294967279,13
4294967279,11
4294967279,9
4294967279,8
4294967278,318
4294967278,317
4294967278,315
4294967278,320
4294967278,572
4294967294,104
4294967294,106
4294967294,160
4294967294,168
4294967294,162
4294967294,42
4294967294,99
4294967294,76
4294967294,39
4294967294,430
4294967294,43
4294967294,417
4294967294,81
4294967294,82
4294967294,1416
4294967294,83
4294967278,132
4294967278,131
4294967278,130
4294967278,129
4294967278,128
4294967278,127
4294967278,126
4294967278,125
4294967278,123
4294967278,122
4294967278,121
4294967278,120
4294967278,119
4294967278,118
4294967278,116
4294967278,115
4294967278,114
4294967278,113
4294967278,111
4294967278,110
4294967278,109
4294967278,108
4294967278,107
4294967278,106
4294967278,104
4294967278,103
4294967278,102
4294967278,101
4294967278,100
4294967278,99
4294967278,97
4294967278,96
4294967278,95
4294967278,94
4294967278,93
4294967278,92
4294967278,90
4294967278,87
4294967278,86
4294967278,84
4294967278,83
4294967278,82
4294967278,81
4294967278,80
4294967278,78
4294967278,76
4294967278,75
4294967278,74
4294967278,73
4294967278,72
4294967278,71
4294967278,70
4294967278,69
4294967278,68
4294967278,66
4294967278,65
4294967278,64
4294967278,260
4294967279,86
4294967279,78
4294967279,77
4294967279,76
4294967279,73
4294967279,70
4294967279,69
4294967279,65
4294967279,63
4294967279,57
4294967279,56
4294967279,290
4294967279,51
4294967279,339
4294967279,50
4294967279,337
4294967279,48
4294967279,45
4294967279,43
4294967279,331
4294967279,328
4294967279,327
4294967279,288
4294967279,34
4294967279,31
4294967279,29
4294967279,28
4294967279,22
4294967279,21
4294967279,18
4294967279,15
4294967279,12
4294967279,10
4294967279,7
4294967279,6
4294967279,5
4294967279,4
4294967278,89
4294967278,574
4294967279,89
4294967278,85
4294967278,314
4294967279,85
4294967278,79
4294967278,278
4294967279,159
4294967279,41
4294967279,330
4294967279,147
4294967294,155
4294967279,32
4294967278,540
4294967278,0
4294967294,426
4294967279,139
4294967279,412
4294967279,347
4294967279,0
4294967279,137
4294967279,23
4294967279,407
4294967279,269
4294967279,267
4294967279,263
4294967279,262
4294967279,277
4294967279,259
4294967279,258
4294967279,276
4294967279,256
4294967278,525
4294967278,524
4294967278,523
4294967278,522
4294967278,521
4294967278,520
4294967294,204
4294967278,517
4294967278,124
4294967278,548
4294967278,254
4294967278,253
4294967278,250
4294967278,248
4294967278,246
4294967278,244
4294967278,117
4294967294,8
4294967278,243
4294967278,240
4294967294,22
4294967278,112
4294967278,238
4294967278,237
459,5
459,4
4294967278,236
459,3
459,2
459,1
4294967278,235
4294967278,234
4294967278,232
458,5
4294967278,230
458,4
458,3
458,2
458,1
4294967278,228
4294967278,105
4294967278,226
4294967278,224
457,5
457,4
4294967278,222
457,3
457,2
457,1
4294967278,221
4294967278,220
4294967278,218
456,5
4294967278,216
456,4
456,3
456,2
456,1
4294967278,214
4294967278,98
4294967278,213
4294967278,212
455,5
455,4
4294967278,211
455,3
455,2
455,1
4294967278,513
4294967278,210
4294967278,209
454,5
4294967278,208
454,4
454,3
454,2
454,1
4294967278,207
4294967294,89
4294967294,199
4294967278,91
4294967278,206
4294967278,205
453,5
453,4
4294967278,204
453,3
453,2
453,1
4294967278,545
4294967294,441
4294967294,114
4294967294,387
4294967294,46
4294967278,203
4294967294,7
4294967278,202
4294967294,6
452,5
4294967278,201
452,4
4294967279,202
452,3
452,2
452,1
4294967278,200
4294967279,84
4294967278,199
4294967278,198
451,4
451,3
451,2
451,1
4294967279,383
4294967278,197
4294967278,196
4294967279,197
4294967278,195
450,4
4294967279,196
450,3
450,2
450,1
4294967278,194
4294967279,195
4294967278,77
4294967278,193
4294967279,194
4294967278,192
449,5
449,4
4294967278,191
449,3
449,2
449,1
4294967278,326
4294967278,190
4294967278,189
448,5
4294967278,188
448,4
4294967279,189
448,3
448,2
448,1
4294967278,187
4294967294,390
4294967294,1419
4294967294,129
4294967279,188
4294967279,71
4294967278,186
4294967278,185
447,4
447,3
447,2
